   0.000000000000e+00
   8.941245587443e-03
   1.778368291777e-02
   2.652829417228e-02
   3.517605176914e-02
   4.372791846038e-02
   5.218484742805e-02
   6.054778237928e-02
   6.881765764048e-02
   7.699539825064e-02
   8.508192005358e-02
   9.307812978937e-02
   1.009849251848e-01
   1.088031950432e-01
   1.165338193327e-01
   1.241776692744e-01
   1.317356074292e-01
   1.392084877841e-01
   1.465971558369e-01
   1.539024486812e-01
   1.611251950894e-01
   1.682662155960e-01
   1.753263225790e-01
   1.823063203409e-01
   1.892070051897e-01
   1.960291655174e-01
   2.027735818795e-01
   2.094410270724e-01
   2.160322662107e-01
   2.225480568037e-01
   2.289891488307e-01
   2.353562848160e-01
   2.416501999030e-01
   2.478716219276e-01
   2.540212714909e-01
   2.600998620309e-01
   2.661080998939e-01
   2.720466844049e-01
   2.779163079373e-01
   2.837176559824e-01
   2.894514072173e-01
   2.951182335729e-01
   3.007188003010e-01
   3.062537660404e-01
   3.117237828832e-01
   3.171294964393e-01
   3.224715459010e-01
   3.277505641069e-01
   3.329671776052e-01
   3.381220067159e-01
   3.432156655927e-01
   3.482487622847e-01
   3.532218987966e-01
   3.581356711492e-01
   3.629906694386e-01
   3.677874778952e-01
   3.725266749419e-01
   3.772088332521e-01
   3.818345198064e-01
   3.864042959498e-01
   3.909187174470e-01
   3.953783345386e-01
   3.997836919955e-01
   4.041353291733e-01
   4.084337800664e-01
   4.126795733612e-01
   4.168732324888e-01
   4.210152756770e-01
   4.251062160026e-01
   4.291465614420e-01
   4.331368149225e-01
   4.370774743719e-01
   4.409690327685e-01
   4.448119781903e-01
   4.486067938637e-01
   4.523539582117e-01
   4.560539449015e-01
   4.597072228921e-01
   4.633142564808e-01
   4.668755053498e-01
   4.703914246117e-01
   4.738624648553e-01
   4.772890721905e-01
   4.806716882926e-01
   4.840107504466e-01
   4.873066915908e-01
   4.905599403598e-01
   4.937709211276e-01
   4.969400540498e-01
   5.000677551056e-01
   5.031544361391e-01
   5.062005049006e-01
   5.092063650873e-01
   5.121724163835e-01
   5.150990545006e-01
   5.179866712165e-01
   5.208356544145e-01
   5.236463881225e-01
   5.264192525511e-01
   5.291546241312e-01
   5.318528755521e-01
   5.345143757985e-01
   5.371394901871e-01
   5.397285804033e-01
   5.422820045375e-01
   5.448001171202e-01
   5.472832691580e-01
   5.497318081685e-01
   5.521460782145e-01
   5.545264199391e-01
   5.568731705991e-01
   5.591866640990e-01
   5.614672310240e-01
   5.637151986735e-01
   5.659308910932e-01
   5.681146291078e-01
   5.702667303529e-01
   5.723875093067e-01
   5.744772773213e-01
   5.765363426542e-01
   5.785650104983e-01
   5.805635830132e-01
   5.825323593546e-01
   5.844716357048e-01
   5.863817053018e-01
   5.882628584688e-01
   5.901153826430e-01
   5.919395624046e-01
   5.937356795047e-01
   5.955040128941e-01
   5.972448387504e-01
   5.989584305061e-01
   6.006450588757e-01
   6.023049918826e-01
   6.039384948862e-01
   6.055458306078e-01
   6.071272591576e-01
   6.086830380600e-01
   6.102134222795e-01
   6.117186642462e-01
   6.131990138812e-01
   6.146547186209e-01
   6.160860234425e-01
   6.174931708880e-01
   6.188764010881e-01
   6.202359517871e-01
   6.215720583656e-01
   6.228849538647e-01
   6.241748690088e-01
   6.254420322291e-01
   6.266866696859e-01
   6.279090052916e-01
   6.291092607326e-01
   6.302876554920e-01
   6.314444068708e-01
   6.325797300104e-01
   6.336938379132e-01
   6.347869414646e-01
   6.358592494536e-01
   6.369109685938e-01
   6.379423035441e-01
   6.389534569290e-01
   6.399446293587e-01
   6.409160194495e-01
   6.418678238432e-01
   6.428002372271e-01
   6.437134523532e-01
   6.446076600574e-01
   6.454830492788e-01
   6.463398070783e-01
   6.471781186572e-01
   6.479981673763e-01
   6.488001347732e-01
   6.495842005813e-01
   6.503505427474e-01
   6.510993374494e-01
   6.518307591138e-01
   6.525449804335e-01
   6.532421723846e-01
   6.539225042437e-01
   6.545861436048e-01
   6.552332563960e-01
   6.558640068958e-01
   6.564785577500e-01
   6.570770699875e-01
   6.576597030367e-01
   6.582266147409e-01
   6.587779613747e-01
   6.593138976591e-01
   6.598345767774e-01
   6.603401503900e-01
   6.608307686496e-01
   6.613065802167e-01
   6.617677322739e-01
   6.622143705407e-01
   6.626466392883e-01
   6.630646813535e-01
   6.634686381535e-01
   6.638586496998e-01
   6.642348546121e-01
   6.645973901319e-01
   6.649463921370e-01
   6.652819951541e-01
   6.656043323730e-01
   6.659135356592e-01
   6.662097355677e-01
   6.664930613556e-01
   6.667636409953e-01
   6.670216011870e-01
   6.672670673715e-01
   6.675001637426e-01
   6.677210132597e-01
   6.679297376600e-01
   6.681264574703e-01
   6.683112920197e-01
   6.684843594509e-01
   6.686457767323e-01
   6.687956596696e-01
   6.689341229173e-01
   6.690612799905e-01
   6.691772432754e-01
   6.692821240415e-01
   6.693760324520e-01
   6.694590775753e-01
   6.695313673952e-01
   6.695930088227e-01
   6.696441077055e-01
   6.696847688395e-01
   6.697150959788e-01
   6.697351918462e-01
   6.697451581433e-01
   6.697450955608e-01
   6.697351037886e-01
   6.697152815255e-01
   6.696857264893e-01
   6.696465354265e-01
   6.695978041219e-01
   6.695396274080e-01
   6.694720991749e-01
   6.693953123792e-01
   6.693093590535e-01
   6.692143303158e-01
   6.691103163781e-01
   6.689974065558e-01
   6.688756892764e-01
   6.687452520885e-01
   6.686061816703e-01
   6.684585638386e-01
   6.683024835570e-01
   6.681380249446e-01
   6.679652712843e-01
   6.677843050311e-01
   6.675952078206e-01
   6.673980604766e-01
   6.671929430197e-01
   6.669799346750e-01
   6.667591138802e-01
   6.665305582931e-01
   6.662943447997e-01
   6.660505495217e-01
   6.657992478241e-01
   6.655405143228e-01
   6.652744228920e-01
   6.650010466715e-01
   6.647204580741e-01
   6.644327287930e-01
   6.641379298083e-01
   6.638361313950e-01
   6.635274031292e-01
   6.632118138957e-01
   6.628894318943e-01
   6.625603246470e-01
   6.622245590046e-01
   6.618822011534e-01
   6.615333166217e-01
   6.611779702867e-01
   6.608162263803e-01
   6.604481484962e-01
   6.600737995959e-01
   6.596932420149e-01
   6.593065374694e-01
   6.589137470619e-01
   6.585149312874e-01
   6.581101500397e-01
   6.576994626175e-01
   6.572829277295e-01
   6.568606035013e-01
   6.564325474805e-01
   6.559988166426e-01
   6.555594673970e-01
   6.551145555922e-01
   6.546641365215e-01
   6.542082649287e-01
   6.537469950132e-01
   6.532803804361e-01
   6.528084743246e-01
   6.523313292781e-01
   6.518489973730e-01
   6.513615301682e-01
   6.508689787099e-01
   6.503713935370e-01
   6.498688246860e-01
   6.493613216961e-01
   6.488489336139e-01
   6.483317089987e-01
   6.478096959268e-01
   6.472829419969e-01
   6.467514943344e-01
   6.462153995964e-01
   6.456747039759e-01
   6.451294532071e-01
   6.445796925693e-01
   6.440254668920e-01
   6.434668205589e-01
   6.429037975124e-01
   6.423364412583e-01
   6.417647948699e-01
   6.411889009924e-01
   6.406088018469e-01
   6.400245392349e-01
   6.394361545425e-01
   6.388436887442e-01
   6.382471824075e-01
   6.376466756963e-01
   6.370422083754e-01
   6.364338198145e-01
   6.358215489917e-01
   6.352054344979e-01
   6.345855145400e-01
   6.339618269456e-01
   6.333344091659e-01
   6.327032982800e-01
   6.320685309984e-01
   6.314301436667e-01
   6.307881722692e-01
   6.301426524325e-01
   6.294936194290e-01
   6.288411081807e-01
   6.281851532621e-01
   6.275257889044e-01
   6.268630489983e-01
   6.261969670976e-01
   6.255275764228e-01
   6.248549098640e-01
   6.241789999843e-01
   6.234998790233e-01
   6.228175788999e-01
   6.221321312160e-01
   6.214435672591e-01
   6.207519180059e-01
   6.200572141251e-01
   6.193594859805e-01
   6.186587636341e-01
   6.179550768491e-01
   6.172484550928e-01
   6.165389275397e-01
   6.158265230742e-01
   6.151112702936e-01
   6.143931975110e-01
   6.136723327578e-01
   6.129487037872e-01
   6.122223380761e-01
   6.114932628285e-01
   6.107615049780e-01
   6.100270911904e-01
   6.092900478664e-01
   6.085504011443e-01
   6.078081769027e-01
   6.070634007627e-01
   6.063160980910e-01
   6.055662940020e-01
   6.048140133604e-01
   6.040592807839e-01
   6.033021206454e-01
   6.025425570755e-01
   6.017806139651e-01
   6.010163149672e-01
   6.002496835003e-01
   5.994807427495e-01
   5.987095156699e-01
   5.979360249882e-01
   5.971602932052e-01
   5.963823425981e-01
   5.956021952226e-01
   5.948198729152e-01
   5.940353972953e-01
   5.932487897674e-01
   5.924600715233e-01
   5.916692635441e-01
   5.908763866024e-01
   5.900814612641e-01
   5.892845078909e-01
   5.884855466420e-01
   5.876845974764e-01
   5.868816801543e-01
   5.860768142399e-01
   5.852700191026e-01
   5.844613139196e-01
   5.836507176771e-01
   5.828382491728e-01
   5.820239270175e-01
   5.812077696371e-01
   5.803897952741e-01
   5.795700219899e-01
   5.787484676662e-01
   5.779251500071e-01
   5.771000865406e-01
   5.762732946205e-01
   5.754447914281e-01
   5.746145939740e-01
   5.737827190995e-01
   5.729491834787e-01
   5.721140036199e-01
   5.712771958672e-01
   5.704387764023e-01
   5.695987612462e-01
   5.687571662604e-01
   5.679140071489e-01
   5.670692994594e-01
   5.662230585854e-01
   5.653752997671e-01
   5.645260380932e-01
   5.636752885026e-01
   5.628230657855e-01
   5.619693845853e-01
   5.611142593997e-01
   5.602577045822e-01
   5.593997343439e-01
   5.585403627544e-01
   5.576796037434e-01
   5.568174711025e-01
   5.559539784857e-01
   5.550891394117e-01
   5.542229672646e-01
   5.533554752956e-01
   5.524866766239e-01
   5.516165842387e-01
   5.507452109997e-01
   5.498725696391e-01
   5.489986727622e-01
   5.481235328493e-01
   5.472471622565e-01
   5.463695732171e-01
   5.454907778428e-01
   5.446107881248e-01
   5.437296159354e-01
   5.428472730285e-01
   5.419637710415e-01
   5.410791214958e-01
   5.401933357987e-01
   5.393064252436e-01
   5.384184010121e-01
   5.375292741743e-01
   5.366390556905e-01
   5.357477564119e-01
   5.348553870820e-01
   5.339619583373e-01
   5.330674807088e-01
   5.321719646225e-01
   5.312754204012e-01
   5.303778582646e-01
   5.294792883312e-01
   5.285797206188e-01
   5.276791650455e-01
   5.267776314309e-01
   5.258751294972e-01
   5.249716688695e-01
   5.240672590776e-01
   5.231619095565e-01
   5.222556296473e-01
   5.213484285984e-01
   5.204403155660e-01
   5.195312996157e-01
   5.186213897226e-01
   5.177105947727e-01
   5.167989235639e-01
   5.158863848063e-01
   5.149729871236e-01
   5.140587390537e-01
   5.131436490498e-01
   5.122277254809e-01
   5.113109766329e-01
   5.103934107093e-01
   5.094750358319e-01
   5.085558600422e-01
   5.076358913012e-01
   5.067151374913e-01
   5.057936064162e-01
   5.048713058021e-01
   5.039482432984e-01
   5.030244264786e-01
   5.020998628408e-01
   5.011745598084e-01
   5.002485247315e-01
   4.993217648865e-01
   4.983942874780e-01
   4.974660996387e-01
   4.965372084305e-01
   4.956076208451e-01
   4.946773438047e-01
   4.937463841626e-01
   4.928147487040e-01
   4.918824441469e-01
   4.909494771421e-01
   4.900158542747e-01
   4.890815820641e-01
   4.881466669648e-01
   4.872111153675e-01
   4.862749335991e-01
   4.853381279236e-01
   4.844007045429e-01
   4.834626695971e-01
   4.825240291654e-01
   4.815847892664e-01
   4.806449558590e-01
   4.797045348429e-01
   4.787635320591e-01
   4.778219532904e-01
   4.768798042623e-01
   4.759370906434e-01
   4.749938180458e-01
   4.740499920260e-01
   4.731056180851e-01
   4.721607016697e-01
   4.712152481719e-01
   4.702692629307e-01
   4.693227512317e-01
   4.683757183079e-01
   4.674281693406e-01
   4.664801094594e-01
   4.655315437428e-01
   4.645824772190e-01
   4.636329148662e-01
   4.626828616131e-01
   4.617323223393e-01
   4.607813018760e-01
   4.598298050064e-01
   4.588778364660e-01
   4.579254009435e-01
   4.569725030808e-01
   4.560191474735e-01
   4.550653386720e-01
   4.541110811809e-01
   4.531563794605e-01
   4.522012379264e-01
   4.512456609506e-01
   4.502896528615e-01
   4.493332179444e-01
   4.483763604422e-01
   4.474190845553e-01
   4.464613944428e-01
   4.455032942222e-01
   4.445447879699e-01
   4.435858797221e-01
   4.426265734748e-01
   4.416668731840e-01
   4.407067827669e-01
   4.397463061012e-01
   4.387854470265e-01
   4.378242093440e-01
   4.368625968171e-01
   4.359006131719e-01
   4.349382620974e-01
   4.339755472460e-01
   4.330124722338e-01
   4.320490406407e-01
   4.310852560113e-01
   4.301211218550e-01
   4.291566416460e-01
   4.281918188243e-01
   4.272266567956e-01
   4.262611589315e-01
   4.252953285705e-01
   4.243291690176e-01
   4.233626835451e-01
   4.223958753927e-01
   4.214287477680e-01
   4.204613038466e-01
   4.194935467726e-01
   4.185254796587e-01
   4.175571055870e-01
   4.165884276085e-01
   4.156194487443e-01
   4.146501719852e-01
   4.136806002924e-01
   4.127107365976e-01
   4.117405838034e-01
   4.107701447835e-01
   4.097994223831e-01
   4.088284194191e-01
   4.078571386802e-01
   4.068855829278e-01
   4.059137548955e-01
   4.049416572898e-01
   4.039692927904e-01
   4.029966640503e-01
   4.020237736961e-01
   4.010506243282e-01
   4.000772185215e-01
   3.991035588249e-01
   3.981296477622e-01
   3.971554878321e-01
   3.961810815083e-01
   3.952064312401e-01
   3.942315394523e-01
   3.932564085457e-01
   3.922810408973e-01
   3.913054388603e-01
   3.903296047645e-01
   3.893535409168e-01
   3.883772496009e-01
   3.874007330779e-01
   3.864239935864e-01
   3.854470333428e-01
   3.844698545415e-01
   3.834924593549e-01
   3.825148499340e-01
   3.815370284084e-01
   3.805589968864e-01
   3.795807574554e-01
   3.786023121821e-01
   3.776236631127e-01
   3.766448122729e-01
   3.756657616684e-01
   3.746865132849e-01
   3.737070690883e-01
   3.727274310252e-01
   3.717476010226e-01
   3.707675809884e-01
   3.697873728116e-01
   3.688069783624e-01
   3.678263994924e-01
   3.668456380348e-01
   3.658646958045e-01
   3.648835745985e-01
   3.639022761959e-01
   3.629208023580e-01
   3.619391548287e-01
   3.609573353345e-01
   3.599753455849e-01
   3.589931872722e-01
   3.580108620720e-01
   3.570283716431e-01
   3.560457176281e-01
   3.550629016529e-01
   3.540799253276e-01
   3.530967902460e-01
   3.521134979862e-01
   3.511300501107e-01
   3.501464481663e-01
   3.491626936844e-01
   3.481787881814e-01
   3.471947331584e-01
   3.462105301017e-01
   3.452261804828e-01
   3.442416857585e-01
   3.432570473714e-01
   3.422722667493e-01
   3.412873453061e-01
   3.403022844418e-01
   3.393170855420e-01
   3.383317499790e-01
   3.373462791113e-01
   3.363606742837e-01
   3.353749368279e-01
   3.343890680623e-01
   3.334030692920e-01
   3.324169418094e-01
   3.314306868940e-01
   3.304443058124e-01
   3.294577998187e-01
   3.284711701547e-01
   3.274844180496e-01
   3.264975447206e-01
   3.255105513726e-01
   3.245234391987e-01
   3.235362093799e-01
   3.225488630859e-01
   3.215614014742e-01
   3.205738256913e-01
   3.195861368721e-01
   3.185983361400e-01
   3.176104246077e-01
   3.166224033764e-01
   3.156342735366e-01
   3.146460361679e-01
   3.136576923392e-01
   3.126692431086e-01
   3.116806895241e-01
   3.106920326227e-01
   3.097032734316e-01
   3.087144129676e-01
   3.077254522372e-01
   3.067363922372e-01
   3.057472339544e-01
   3.047579783657e-01
   3.037686264383e-01
   3.027791791300e-01
   3.017896373887e-01
   3.008000021532e-01
   2.998102743529e-01
   2.988204549078e-01
   2.978305447290e-01
   2.968405447184e-01
   2.958504557688e-01
   2.948602787645e-01
   2.938700145806e-01
   2.928796640838e-01
   2.918892281321e-01
   2.908987075748e-01
   2.899081032530e-01
   2.889174159994e-01
   2.879266466383e-01
   2.869357959858e-01
   2.859448648501e-01
   2.849538540311e-01
   2.839627643210e-01
   2.829715965039e-01
   2.819803513562e-01
   2.809890296466e-01
   2.799976321362e-01
   2.790061595785e-01
   2.780146127194e-01
   2.770229922975e-01
   2.760312990440e-01
   2.750395336830e-01
   2.740476969312e-01
   2.730557894982e-01
   2.720638120866e-01
   2.710717653920e-01
   2.700796501032e-01
   2.690874669019e-01
   2.680952164632e-01
   2.671028994556e-01
   2.661105165406e-01
   2.651180683735e-01
   2.641255556028e-01
   2.631329788708e-01
   2.621403388133e-01
   2.611476360596e-01
   2.601548712331e-01
   2.591620449507e-01
   2.581691578233e-01
   2.571762104558e-01
   2.561832034470e-01
   2.551901373896e-01
   2.541970128708e-01
   2.532038304715e-01
   2.522105907671e-01
   2.512172943273e-01
   2.502239417161e-01
   2.492305334917e-01
   2.482370702070e-01
   2.472435524094e-01
   2.462499806406e-01
   2.452563554372e-01
   2.442626773304e-01
   2.432689468459e-01
   2.422751645045e-01
   2.412813308216e-01
   2.402874463076e-01
   2.392935114678e-01
   2.382995268023e-01
   2.373054928066e-01
   2.363114099708e-01
   2.353172787806e-01
   2.343230997166e-01
   2.333288732546e-01
   2.323345998659e-01
   2.313402800168e-01
   2.303459141692e-01
   2.293515027803e-01
   2.283570463029e-01
   2.273625451851e-01
   2.263679998707e-01
   2.253734107989e-01
   2.243787784048e-01
   2.233841031190e-01
   2.223893853678e-01
   2.213946255734e-01
   2.203998241537e-01
   2.194049815224e-01
   2.184100980892e-01
   2.174151742596e-01
   2.164202104354e-01
   2.154252070139e-01
   2.144301643888e-01
   2.134350829498e-01
   2.124399630827e-01
   2.114448051695e-01
   2.104496095884e-01
   2.094543767138e-01
   2.084591069164e-01
   2.074638005633e-01
   2.064684580178e-01
   2.054730796397e-01
   2.044776657852e-01
   2.034822168069e-01
   2.024867330539e-01
   2.014912148720e-01
   2.004956626033e-01
   1.995000765867e-01
   1.985044571577e-01
   1.975088046483e-01
   1.965131193875e-01
   1.955174017007e-01
   1.945216519103e-01
   1.935258703355e-01
   1.925300572921e-01
   1.915342130929e-01
   1.905383380477e-01
   1.895424324631e-01
   1.885464966426e-01
   1.875505308869e-01
   1.865545354934e-01
   1.855585107568e-01
   1.845624569687e-01
   1.835663744180e-01
   1.825702633905e-01
   1.815741241693e-01
   1.805779570347e-01
   1.795817622641e-01
   1.785855401322e-01
   1.775892909110e-01
   1.765930148699e-01
   1.755967122753e-01
   1.746003833913e-01
   1.736040284791e-01
   1.726076477975e-01
   1.716112416027e-01
   1.706148101482e-01
   1.696183536851e-01
   1.686218724621e-01
   1.676253667253e-01
   1.666288367182e-01
   1.656322826823e-01
   1.646357048562e-01
   1.636391034766e-01
   1.626424787776e-01
   1.616458309908e-01
   1.606491603459e-01
   1.596524670701e-01
   1.586557513883e-01
   1.576590135232e-01
   1.566622536954e-01
   1.556654721231e-01
   1.546686690226e-01
   1.536718446077e-01
   1.526749990905e-01
   1.516781326805e-01
   1.506812455856e-01
   1.496843380113e-01
   1.486874101612e-01
   1.476904622369e-01
   1.466934944378e-01
   1.456965069616e-01
   1.446995000039e-01
   1.437024737582e-01
   1.427054284164e-01
   1.417083641682e-01
   1.407112812016e-01
   1.397141797027e-01
   1.387170598556e-01
   1.377199218428e-01
   1.367227658448e-01
   1.357255920404e-01
   1.347284006066e-01
   1.337311917187e-01
   1.327339655501e-01
   1.317367222726e-01
   1.307394620563e-01
   1.297421850696e-01
   1.287448914791e-01
   1.277475814499e-01
   1.267502551455e-01
   1.257529127275e-01
   1.247555543562e-01
   1.237581801902e-01
   1.227607903864e-01
   1.217633851003e-01
   1.207659644858e-01
   1.197685286952e-01
   1.187710778795e-01
   1.177736121880e-01
   1.167761317685e-01
   1.157786367674e-01
   1.147811273297e-01
   1.137836035989e-01
   1.127860657171e-01
   1.117885138249e-01
   1.107909480616e-01
   1.097933685651e-01
   1.087957754719e-01
   1.077981689171e-01
   1.068005490346e-01
   1.058029159568e-01
   1.048052698150e-01
   1.038076107389e-01
   1.028099388571e-01
   1.018122542970e-01
   1.008145571845e-01
   9.981684764449e-02
   9.881912580041e-02
   9.782139177460e-02
   9.682364568815e-02
   9.582588766094e-02
   9.482811781167e-02
   9.383033625785e-02
   9.283254311583e-02
   9.183473850080e-02
   9.083692252680e-02
   8.983909530675e-02
   8.884125695243e-02
   8.784340757453e-02
   8.684554728261e-02
   8.584767618517e-02
   8.484979438962e-02
   8.385190200230e-02
   8.285399912850e-02
   8.185608587244e-02
   8.085816233735e-02
   7.986022862538e-02
   7.886228483771e-02
   7.786433107449e-02
   7.686636743487e-02
   7.586839401704e-02
   7.487041091819e-02
   7.387241823455e-02
   7.287441606140e-02
   7.187640449306e-02
   7.087838362293e-02
   6.988035354347e-02
   6.888231434623e-02
   6.788426612183e-02
   6.688620896000e-02
   6.588814294960e-02
   6.489006817857e-02
   6.389198473400e-02
   6.289389270211e-02
   6.189579216826e-02
   6.089768321695e-02
   5.989956593186e-02
   5.890144039584e-02
   5.790330669089e-02
   5.690516489822e-02
   5.590701509823e-02
   5.490885737050e-02
   5.391069179384e-02
   5.291251844627e-02
   5.191433740504e-02
   5.091614874663e-02
   4.991795254675e-02
   4.891974888036e-02
   4.792153782169e-02
   4.692331944421e-02
   4.592509382068e-02
   4.492686102312e-02
   4.392862112285e-02
   4.293037419047e-02
   4.193212029588e-02
   4.093385950829e-02
   3.993559189621e-02
   3.893731752749e-02
   3.793903646928e-02
   3.694074878808e-02
   3.594245454972e-02
   3.494415381939e-02
   3.394584666162e-02
   3.294753314029e-02
   3.194921331867e-02
   3.095088725938e-02
   2.995255502442e-02
   2.895421667518e-02
   2.795587227244e-02
   2.695752187637e-02
   2.595916554655e-02
   2.496080334197e-02
   2.396243532101e-02
   2.296406154149e-02
   2.196568206066e-02
   2.096729693519e-02
   1.996890622119e-02
   1.897050997421e-02
   1.797210824924e-02
   1.697370110075e-02
   1.597528858264e-02
   1.497687074828e-02
   1.397844765053e-02
   1.298001934171e-02
   1.198158587360e-02
   1.098314729751e-02
   9.984703664190e-03
   8.986255023927e-03
   7.987801426485e-03
   6.989342921142e-03
   5.990879556682e-03
   4.992411381408e-03
   3.993938443139e-03
   2.995460789222e-03
   1.996978466530e-03
   9.984915214739e-04
